price,section,ticket_num
$87,AFTER NOON ENTRY,Row Entry After Noon 1 - 2 tickets Instant Download
$93,AFTER NOON ENTRY,1 - 8 tickets
$135,AFTER 10AM ENTRY,1 - 8 tickets
$169,Before 1 AM General Admission,1 - 8 tickets
$180,Before 1 AM General Admission,2 tickets
$194,BEFORE 3AM ENTRY,1 - 8 tickets
$198,Before 1 AM General Admission,1 ticket Instant Download
$198,Before 3AM Entry,1 - 6 tickets Instant Download
$200,BEFORE 1AM ENTRY,Row BEFORE 1AM 1 ticket Instant Download
$203,GENERAL ADMISSION,Row BEFORE 1AM 1 - 4 tickets
$207,Anytime General Admission,Row ANYTIME ENTRY 1 - 2 tickets Instant Download
$211,Before 3 AM General Admission,Row 3 AM ENTRY 1 - 6 tickets Instant Download
$225,GENERAL ADMISSION,Row BEFORE 3AM 1 - 4 tickets
$231,Anytime General Admission,1 - 2 tickets Instant Download
$246,General Admission Before 3 AM,Row BEFORE 3AM ENTRY 1 - 4 tickets Instant Download
$248,Anytime General Admission,1 ticket Instant Download
$261,Anytime General Admission,1 - 5 tickets
$266,GENERAL ADMISSION,Row BEFORE 3AM 1 - 4 tickets
$270,GENERAL ADMISSION,Row ANYTIME 1 - 4 tickets
$315,GENERAL ADMISSION,Row ANYTIME 1 - 4 tickets
